Episode: 190
Fuel: 148.76062764407834
Distance: 0.01613587343636414
Total Reward: 0
12172.185403798014,0.16514706402618848,0.14312183058771527,0.04105165459709773,0.014867320436247444,3.392981319700226,-13953.898062035621,-3589.06862011715,120.46938485369824
